/*--------------------------------*- C++ -*----------------------------------*\
| =========                 |                                                 |
| \\      /  F ield         | OpenFOAM: The Open Source CFD Toolbox           |
|  \\    /   O peration     | Version:  xxxxxxx                               |
|   \\  /    A nd           | Revision: exported                              |
|    \\/     M anipulation  | Web:      http://www.OpenFOAM.org               |
\*---------------------------------------------------------------------------*/
FoamFile
{
    version     2.0;
    format      ascii;
    class       faceList;
    location    "constant/polyMesh";
    object      faces;
}
// * * * * * * * * * * * * * * * * * * * * * * * * * * * * * * * * * * * * * //


1232
(
3(59 60 61)
3(28 61 60)
3(28 60 59)
3(28 59 61)
3(59 63 62)
3(32 62 63)
3(59 62 32)
3(59 32 63)
3(60 62 64)
3(60 64 26)
3(62 26 64)
3(60 26 62)
3(61 64 63)
3(61 33 64)
3(63 64 33)
3(61 63 33)
3(61 63 62)
3(61 62 59)
3(61 59 63)
3(61 64 62)
3(62 64 63)
3(61 62 60)
3(59 60 62)
3(61 64 60)
3(65 60 64)
3(26 65 64)
3(65 55 66)
3(65 31 55)
3(31 66 55)
3(60 66 61)
3(66 28 61)
3(64 61 55)
3(64 55 33)
3(55 61 33)
3(64 55 66)
3(64 66 65)
3(64 65 55)
3(64 61 66)
3(66 61 55)
3(64 66 60)
3(67 68 69)
3(35 69 68)
3(35 68 67)
3(67 71 70)
3(67 70 7)
3(7 70 71)
3(68 70 72)
3(68 72 19)
3(68 19 70)
3(70 19 72)
3(69 72 71)
3(69 36 72)
3(71 72 36)
3(69 71 70)
3(69 70 67)
3(69 72 70)
3(70 72 71)
3(69 70 68)
3(67 68 70)
3(69 72 68)
3(44 73 48)
3(24 48 73)
3(44 45 74)
3(73 74 75)
3(73 75 12)
3(48 75 45)
3(48 31 75)
3(48 45 74)
3(48 74 44)
3(48 75 74)
3(48 74 73)
3(48 75 73)
3(76 77 78)
3(18 78 77)
3(18 76 78)
3(18 77 76)
3(76 80 79)
3(27 79 80)
3(76 27 80)
3(76 79 27)
3(77 79 81)
3(77 81 20)
3(79 20 81)
3(77 20 79)
3(78 81 80)
3(78 36 81)
3(80 81 36)
3(78 80 36)
3(78 80 79)
3(78 79 76)
3(78 76 80)
3(78 81 79)
3(79 81 80)
3(78 79 77)
3(76 77 79)
3(78 81 77)
3(82 83 84)
3(0 82 84)
3(0 83 82)
3(82 86 85)
3(82 25 86)
3(25 85 86)
3(82 85 25)
3(83 85 87)
3(85 21 87)
3(83 21 85)
3(84 87 86)
3(84 86 1)
3(86 87 1)
3(84 86 85)
3(84 85 82)
3(84 82 86)
3(84 87 85)
3(85 87 86)
3(84 85 83)
3(82 83 85)
3(88 89 90)
3(17 88 90)
3(17 90 89)
3(88 92 91)
3(88 6 92)
3(89 91 93)
3(89 93 5)
3(90 93 92)
3(90 92 36)
3(90 36 93)
3(90 92 91)
3(90 91 88)
3(90 88 92)
3(90 93 91)
3(90 91 89)
3(90 93 89)
3(94 95 96)
3(35 94 96)
3(35 95 94)
3(94 52 51)
3(94 29 52)
3(94 51 29)
3(95 51 58)
3(95 34 51)
3(96 58 52)
3(96 52 37)
3(96 52 51)
3(96 51 94)
3(96 94 52)
3(96 58 51)
3(96 51 95)
3(94 95 51)
3(73 75 97)
3(12 73 97)
3(12 97 75)
3(73 49 48)
3(73 24 49)
3(75 48 55)
3(75 55 31)
3(97 55 49)
3(97 49 33)
3(97 33 55)
3(97 49 48)
3(97 48 73)
3(97 73 49)
3(97 55 48)
3(97 48 75)
3(97 55 75)
3(98 99 100)
3(14 98 100)
3(98 102 101)
3(98 22 102)
3(22 101 102)
3(99 101 103)
3(101 15 103)
3(100 103 102)
3(100 102 32)
3(102 103 32)
3(100 102 101)
3(100 101 98)
3(100 98 102)
3(100 103 101)
3(101 103 102)
3(100 101 99)
3(104 105 106)
3(25 106 105)
3(25 105 104)
3(104 108 107)
3(8 107 108)
3(104 107 8)
3(105 107 109)
3(107 17 109)
3(105 109 17)
3(105 17 107)
3(106 109 108)
3(108 109 27)
3(106 27 109)
3(106 108 107)
3(106 107 104)
3(106 109 107)
3(107 109 108)
3(106 107 105)
3(104 105 107)
3(106 109 105)
3(110 111 79)
3(20 79 111)
3(20 110 79)
3(110 113 112)
3(9 112 113)
3(110 9 113)
3(111 112 114)
3(111 114 19)
3(112 19 114)
3(79 114 113)
3(79 27 114)
3(113 114 27)
3(79 113 27)
3(79 113 112)
3(79 112 110)
3(79 110 113)
3(79 114 112)
3(112 114 113)
3(79 112 111)
3(79 114 111)
3(115 80 116)
3(27 116 80)
3(27 115 116)
3(27 80 115)
3(115 117 69)
3(115 35 117)
3(115 69 35)
3(35 69 117)
3(80 69 118)
3(80 118 36)
3(80 36 69)
3(69 36 118)
3(116 118 117)
3(116 28 118)
3(116 117 28)
3(117 118 28)
3(116 117 69)
3(116 69 115)
3(116 115 117)
3(116 118 69)
3(69 118 117)
3(116 69 80)
3(115 80 69)
3(116 118 80)
3(119 120 62)
3(26 62 120)
3(26 120 119)
3(26 119 62)
3(119 122 121)
3(21 121 122)
3(119 121 21)
3(119 21 122)
3(120 121 102)
3(120 102 22)
3(121 22 102)
3(120 22 121)
3(62 102 122)
3(62 32 102)
3(122 102 32)
3(62 122 32)
3(62 122 121)
3(62 121 119)
3(62 119 122)
3(62 102 121)
3(121 102 122)
3(62 121 120)
3(119 120 121)
3(62 102 120)
3(123 124 105)
3(17 105 124)
3(17 123 105)
3(123 126 125)
3(16 125 126)
3(123 16 126)
3(124 125 127)
3(124 127 3)
3(125 3 127)
3(105 127 126)
3(105 25 127)
3(126 127 25)
3(105 126 25)
3(105 126 125)
3(105 125 123)
3(105 123 126)
3(105 127 125)
3(125 127 126)
3(105 125 124)
3(105 127 124)
3(128 129 97)
3(12 97 129)
3(12 128 97)
3(12 129 128)
3(128 64 120)
3(26 120 64)
3(128 26 64)
3(128 120 26)
3(129 120 130)
3(120 22 130)
3(129 130 22)
3(129 22 120)
3(97 130 64)
3(64 130 33)
3(97 33 130)
3(97 64 33)
3(97 64 120)
3(97 120 128)
3(97 128 64)
3(97 130 120)
3(120 130 64)
3(97 120 129)
3(128 129 120)
3(97 130 129)
3(116 131 118)
3(28 118 131)
3(116 80 106)
3(27 106 80)
3(131 106 132)
3(106 25 132)
3(131 132 25)
3(118 132 80)
3(80 132 36)
3(118 36 132)
3(118 80 106)
3(118 106 116)
3(118 132 106)
3(106 132 80)
3(118 106 131)
3(118 132 131)
3(133 118 134)
3(36 134 118)
3(36 118 133)
3(133 135 59)
3(32 59 135)
3(133 59 32)
3(118 59 136)
3(59 28 136)
3(118 136 28)
3(118 28 59)
3(134 136 135)
3(135 136 37)
3(134 37 136)
3(134 135 59)
3(134 59 133)
3(134 136 59)
3(59 136 135)
3(134 59 118)
3(133 118 59)
3(134 136 118)
3(137 77 81)
3(20 137 81)
3(137 92 138)
3(137 6 92)
3(6 138 92)
3(77 138 78)
3(138 18 78)
3(81 78 92)
3(81 92 36)
3(92 78 36)
3(81 92 138)
3(81 138 137)
3(81 137 92)
3(81 78 138)
3(138 78 92)
3(81 138 77)
3(82 84 139)
3(0 82 139)
3(82 126 86)
3(25 86 126)
3(82 25 126)
3(84 86 140)
3(86 1 140)
3(139 140 126)
3(126 140 16)
3(139 126 16)
3(139 126 86)
3(139 86 82)
3(139 82 126)
3(139 140 86)
3(86 140 126)
3(139 86 84)
3(102 62 63)
3(32 102 63)
3(102 130 120)
3(102 22 130)
3(62 120 64)
3(63 64 130)
3(63 130 33)
3(63 130 120)
3(63 120 102)
3(63 102 130)
3(63 64 120)
3(63 120 62)
3(100 102 63)
3(100 141 98)
3(14 98 141)
3(102 98 130)
3(98 22 130)
3(63 130 141)
3(141 130 33)
3(63 141 98)
3(63 98 100)
3(63 130 98)
3(98 130 141)
3(63 98 102)
3(142 143 144)
3(23 142 144)
3(23 144 143)
3(142 130 98)
3(142 22 130)
3(143 98 141)
3(143 141 14)
3(144 141 130)
3(144 130 33)
3(144 33 141)
3(144 130 98)
3(144 98 142)
3(144 142 130)
3(144 141 98)
3(144 98 143)
3(144 141 143)
3(72 80 81)
3(36 80 72)
3(36 72 81)
3(72 111 114)
3(72 114 19)
3(72 19 111)
3(80 114 79)
3(80 27 114)
3(81 79 111)
3(81 111 20)
3(81 111 114)
3(81 114 72)
3(81 72 111)
3(81 79 114)
3(81 114 80)
3(72 80 114)
3(145 146 93)
3(5 146 145)
3(5 93 146)
3(145 133 147)
3(145 147 32)
3(32 147 133)
3(146 147 132)
3(146 25 147)
3(146 132 25)
3(147 25 132)
3(93 132 133)
3(93 36 132)
3(133 132 36)
3(93 133 147)
3(93 147 145)
3(93 132 147)
3(147 132 133)
3(93 147 146)
3(145 146 147)
3(93 132 146)
3(148 149 76)
3(18 148 76)
3(18 76 149)
3(148 109 107)
3(148 17 109)
3(149 107 108)
3(149 108 8)
3(76 108 109)
3(76 109 27)
3(76 27 108)
3(76 109 107)
3(76 107 148)
3(76 148 109)
3(76 108 107)
3(76 107 149)
3(76 108 149)
3(150 73 97)
3(12 150 97)
3(150 144 151)
3(23 151 144)
3(150 23 144)
3(73 151 49)
3(151 24 49)
3(97 49 144)
3(144 49 33)
3(97 144 33)
3(97 144 151)
3(97 151 150)
3(97 150 144)
3(97 49 151)
3(151 49 144)
3(97 151 73)
3(121 101 102)
3(121 122 152)
3(21 152 122)
3(101 152 103)
3(152 15 103)
3(102 103 122)
3(122 103 32)
3(102 122 152)
3(102 152 121)
3(102 103 152)
3(152 103 122)
3(102 152 101)
3(117 153 116)
3(28 153 117)
3(117 115 94)
3(35 94 115)
3(117 94 35)
3(153 94 154)
3(94 29 154)
3(153 29 94)
3(116 154 115)
3(115 154 27)
3(116 115 94)
3(116 94 117)
3(116 154 94)
3(94 154 115)
3(116 94 153)
3(117 153 94)
3(155 137 81)
3(20 155 81)
3(155 71 156)
3(155 7 71)
3(137 156 92)
3(81 92 71)
3(81 71 36)
3(81 71 156)
3(81 156 155)
3(81 155 71)
3(81 92 156)
3(81 156 137)
3(115 69 68)
3(35 115 68)
3(115 114 80)
3(115 27 114)
3(69 80 72)
3(68 72 114)
3(68 114 19)
3(68 114 80)
3(68 80 115)
3(68 115 114)
3(68 72 80)
3(68 80 69)
3(109 106 80)
3(27 109 80)
3(109 90 105)
3(109 17 90)
3(17 105 90)
3(106 105 132)
3(105 25 132)
3(80 132 90)
3(80 90 36)
3(90 132 36)
3(80 90 105)
3(80 105 109)
3(80 109 90)
3(80 132 105)
3(105 132 90)
3(80 105 106)
3(131 60 59)
3(28 131 59)
3(131 147 157)
3(131 25 147)
3(25 157 147)
3(60 157 62)
3(157 26 62)
3(59 62 147)
3(59 147 32)
3(147 62 32)
3(59 147 157)
3(59 157 131)
3(59 131 147)
3(59 62 157)
3(157 62 147)
3(59 157 60)
3(158 114 154)
3(27 114 158)
3(27 154 114)
3(158 43 42)
3(158 42 10)
3(114 42 46)
3(114 19 42)
3(114 46 19)
3(154 46 43)
3(154 29 46)
3(154 43 42)
3(154 42 158)
3(154 46 42)
3(154 42 114)
3(158 114 42)
3(154 46 114)
3(151 40 49)
3(151 144 159)
3(23 159 144)
3(40 159 41)
3(159 4 41)
3(49 41 144)
3(144 41 33)
3(49 144 159)
3(49 159 151)
3(49 41 159)
3(159 41 144)
3(49 159 40)
3(61 63 57)
3(33 61 57)
3(61 136 59)
3(61 28 136)
3(63 59 135)
3(57 135 136)
3(57 136 37)
3(57 136 59)
3(57 59 61)
3(57 61 136)
3(57 135 59)
3(57 59 63)
3(129 150 97)
3(129 130 142)
3(150 142 144)
3(97 144 130)
3(97 130 142)
3(97 142 129)
3(97 144 142)
3(97 142 150)
3(75 128 97)
3(75 55 65)
3(128 65 64)
3(97 64 55)
3(97 55 65)
3(97 65 75)
3(97 64 65)
3(97 65 128)
3(42 160 158)
3(42 114 112)
3(160 112 113)
3(158 113 114)
3(158 114 112)
3(158 112 42)
3(158 113 112)
3(158 112 160)
3(107 161 104)
3(107 105 124)
3(161 124 127)
3(104 127 105)
3(104 105 124)
3(104 124 107)
3(104 127 124)
3(104 124 161)
3(39 47 95)
3(34 95 47)
3(39 162 38)
3(2 38 162)
3(47 38 68)
3(38 19 68)
3(47 68 19)
3(95 68 162)
3(162 68 35)
3(95 35 68)
3(95 162 38)
3(95 38 39)
3(95 68 38)
3(38 68 162)
3(95 38 47)
3(95 68 47)
3(163 145 147)
3(32 163 147)
3(163 82 164)
3(0 164 82)
3(163 0 82)
3(145 164 146)
3(164 5 146)
3(147 146 82)
3(82 146 25)
3(147 82 25)
3(147 82 164)
3(147 164 163)
3(147 163 82)
3(147 146 164)
3(164 146 82)
3(147 164 145)
3(55 61 57)
3(55 56 66)
3(31 66 56)
3(61 66 136)
3(66 28 136)
3(57 136 56)
3(56 136 37)
3(57 56 66)
3(57 66 55)
3(57 136 66)
3(66 136 56)
3(57 66 61)
3(138 148 78)
3(18 78 148)
3(138 92 88)
3(148 88 90)
3(148 90 17)
3(78 90 92)
3(78 36 90)
3(78 92 88)
3(78 88 138)
3(78 90 88)
3(78 88 148)
3(78 90 148)
3(165 153 136)
3(28 165 136)
3(28 136 153)
3(165 54 50)
3(165 30 54)
3(153 50 52)
3(153 52 29)
3(136 52 54)
3(136 54 37)
3(136 37 52)
3(136 54 50)
3(136 50 165)
3(136 165 54)
3(136 52 50)
3(136 50 153)
3(136 52 153)
3(66 165 136)
3(66 56 53)
3(165 53 54)
3(136 54 56)
3(136 56 53)
3(136 53 66)
3(136 54 53)
3(136 53 165)
3(70 166 67)
3(70 68 38)
3(166 38 162)
3(67 162 68)
3(67 68 38)
3(67 38 70)
3(67 162 38)
3(67 38 166)
3(143 159 144)
3(143 141 167)
3(159 167 41)
3(144 41 141)
3(144 141 167)
3(144 167 143)
3(144 41 167)
3(144 167 159)
3(168 87 85)
3(21 168 85)
3(168 170 169)
3(168 11 170)
3(87 169 86)
3(85 86 170)
3(85 170 25)
3(85 170 169)
3(85 169 168)
3(85 168 170)
3(85 86 169)
3(85 169 87)
3(125 171 127)
3(125 126 140)
3(171 140 86)
3(127 86 126)
3(127 126 140)
3(127 140 125)
3(127 86 140)
3(127 140 171)
3(172 139 126)
3(16 172 126)
3(172 146 164)
3(172 5 146)
3(139 164 82)
3(126 82 146)
3(126 146 25)
3(126 146 164)
3(126 164 172)
3(126 172 146)
3(126 82 164)
3(126 164 139)
3(115 68 94)
3(35 94 68)
3(115 154 114)
3(68 114 46)
3(68 46 19)
3(94 46 154)
3(94 29 46)
3(94 154 114)
3(94 114 115)
3(94 46 114)
3(94 114 68)
3(94 46 68)
3(152 173 103)
3(152 122 83)
3(21 83 122)
3(173 83 163)
3(83 0 163)
3(103 163 122)
3(122 163 32)
3(103 122 83)
3(103 83 152)
3(103 163 83)
3(83 163 122)
3(103 83 173)
3(134 96 136)
3(37 136 96)
3(134 118 69)
3(96 69 117)
3(96 117 35)
3(136 117 118)
3(136 28 117)
3(136 118 69)
3(136 69 134)
3(136 117 69)
3(136 69 96)
3(136 117 96)
3(109 148 90)
3(109 80 76)
3(148 76 78)
3(90 78 80)
3(90 80 76)
3(90 76 109)
3(90 78 76)
3(90 76 148)
3(85 170 157)
3(25 85 157)
3(85 119 168)
3(21 168 119)
3(85 21 119)
3(170 168 174)
3(168 11 174)
3(157 174 119)
3(119 174 26)
3(157 119 26)
3(157 119 168)
3(157 168 85)
3(157 85 119)
3(157 174 168)
3(168 174 119)
3(157 168 170)
3(153 117 136)
3(153 52 94)
3(117 94 96)
3(136 96 52)
3(136 52 94)
3(136 94 153)
3(136 96 94)
3(136 94 117)
3(111 155 81)
3(111 72 70)
3(155 70 71)
3(81 71 72)
3(81 72 70)
3(81 70 111)
3(81 71 70)
3(81 70 155)
3(126 123 172)
3(126 146 105)
3(25 105 146)
3(123 105 89)
3(105 17 89)
3(172 89 146)
3(146 89 5)
3(172 146 105)
3(172 105 126)
3(172 89 105)
3(105 89 146)
3(172 105 123)
3(77 110 79)
3(77 76 175)
3(18 175 76)
3(110 175 113)
3(175 9 113)
3(79 113 76)
3(76 113 27)
3(79 76 175)
3(79 175 77)
3(79 113 175)
3(175 113 76)
3(79 175 110)
3(175 176 113)
3(175 76 149)
3(176 149 108)
3(113 108 76)
3(113 76 149)
3(113 149 175)
3(113 108 149)
3(113 149 176)
3(90 132 93)
3(90 89 105)
3(132 105 146)
3(93 146 89)
3(93 89 105)
3(93 105 90)
3(93 146 105)
3(93 105 132)
3(129 177 120)
3(22 120 177)
3(129 128 178)
3(177 178 174)
3(177 174 11)
3(120 174 128)
3(120 26 174)
3(120 128 178)
3(120 178 129)
3(120 174 178)
3(120 178 177)
3(120 174 177)
3(177 121 120)
3(177 174 168)
3(121 168 119)
3(120 119 174)
3(120 174 168)
3(120 168 177)
3(120 119 168)
3(120 168 121)
3(147 131 132)
3(147 133 59)
3(131 59 118)
3(132 118 133)
3(132 133 59)
3(132 59 147)
3(132 118 59)
3(132 59 131)
3(94 68 95)
3(94 51 46)
3(68 46 47)
3(95 47 51)
3(95 51 46)
3(95 46 94)
3(95 47 46)
3(95 46 68)
3(119 85 122)
3(21 122 85)
3(119 62 157)
3(85 157 147)
3(85 147 25)
3(122 147 62)
3(122 32 147)
3(122 62 157)
3(122 157 119)
3(122 147 157)
3(122 157 85)
3(122 147 85)
3(122 85 83)
3(122 163 147)
3(85 147 82)
3(83 82 163)
3(83 163 147)
3(83 147 122)
3(83 82 147)
3(83 147 85)
3(3 171 125)
3(16 125 140)
3(1 140 171)
3(140 125 171)
3(8 161 107)
3(17 107 124)
3(3 124 161)
3(124 107 161)
3(0 164 139)
3(16 139 172)
3(5 172 164)
3(172 139 164)
3(7 166 70)
3(19 70 38)
3(2 38 166)
3(38 70 166)
3(5 91 89)
3(17 89 88)
3(6 88 91)
3(88 89 91)
3(9 176 175)
3(18 175 149)
3(8 149 176)
3(149 175 176)
3(6 156 137)
3(20 137 155)
3(7 155 156)
3(155 137 156)
3(19 112 111)
3(20 111 110)
3(9 110 112)
3(110 111 112)
3(1 84 140)
3(16 140 139)
3(0 139 84)
3(139 140 84)
3(16 123 125)
3(3 125 124)
3(17 124 123)
3(124 125 123)
3(5 89 172)
3(16 172 123)
3(17 123 89)
3(123 172 89)
3(6 138 88)
3(17 88 148)
3(18 148 138)
3(148 88 138)
3(17 148 107)
3(8 107 149)
3(18 149 148)
3(149 107 148)
3(6 137 138)
3(18 138 77)
3(20 77 137)
3(77 138 137)
3(20 110 77)
3(18 77 175)
3(9 175 110)
3(175 77 110)
3(10 160 42)
3(19 42 112)
3(9 112 160)
3(112 42 160)
3(20 155 111)
3(19 111 70)
3(7 70 155)
3(70 111 155)
3(15 173 152)
3(21 152 83)
3(0 83 173)
3(83 152 173)
3(4 167 159)
3(23 159 143)
3(14 143 167)
3(143 159 167)
3(14 99 98)
3(22 98 101)
3(15 101 99)
3(101 98 99)
3(1 169 87)
3(21 87 168)
3(11 168 169)
3(168 87 169)
3(12 74 73)
3(24 73 44)
3(13 44 74)
3(44 73 74)
3(11 178 177)
3(22 177 129)
3(12 129 178)
3(129 177 178)
3(0 84 83)
3(21 83 87)
3(1 87 84)
3(87 83 84)
3(22 142 98)
3(14 98 143)
3(23 143 142)
3(143 98 142)
3(21 121 152)
3(15 152 101)
3(22 101 121)
3(101 152 121)
3(11 177 168)
3(21 168 121)
3(22 121 177)
3(121 168 177)
3(12 73 150)
3(23 150 151)
3(24 151 73)
3(151 150 73)
3(24 40 151)
3(23 151 159)
3(4 159 40)
3(159 151 40)
3(12 150 129)
3(22 129 142)
3(23 142 150)
3(142 129 150)
3(3 127 171)
3(1 171 86)
3(25 86 127)
3(86 171 127)
3(25 170 86)
3(1 86 169)
3(11 169 170)
3(169 86 170)
3(3 161 127)
3(25 127 104)
3(8 104 161)
3(104 127 161)
3(11 174 178)
3(12 178 128)
3(26 128 174)
3(128 178 174)
3(11 170 174)
3(26 174 157)
3(25 157 170)
3(157 174 170)
3(9 113 176)
3(8 176 108)
3(27 108 113)
3(108 176 113)
3(27 106 108)
3(8 108 104)
3(25 104 106)
3(104 108 106)
3(9 160 113)
3(27 113 158)
3(10 158 160)
3(158 113 160)
3(27 116 106)
3(25 106 131)
3(28 131 116)
3(131 106 116)
3(28 60 131)
3(25 131 157)
3(26 157 60)
3(157 131 60)
3(27 154 116)
3(28 116 153)
3(29 153 154)
3(153 116 154)
3(29 50 153)
3(28 153 165)
3(30 165 50)
3(165 153 50)
3(27 158 154)
3(29 154 43)
3(10 43 158)
3(43 154 158)
3(26 60 65)
3(31 65 66)
3(28 66 60)
3(66 65 60)
3(13 74 45)
3(31 45 75)
3(12 75 74)
3(75 45 74)
3(28 165 66)
3(31 66 53)
3(30 53 165)
3(53 66 165)
3(12 128 75)
3(31 75 65)
3(26 65 128)
3(65 75 128)
3(0 173 163)
3(32 163 103)
3(15 103 173)
3(103 163 173)
3(14 167 141)
3(33 141 41)
3(4 41 167)
3(41 141 167)
3(0 163 164)
3(5 164 145)
3(32 145 163)
3(145 164 163)
3(32 103 100)
3(14 100 99)
3(15 99 103)
3(99 100 103)
3(2 166 162)
3(35 162 67)
3(7 67 166)
3(67 162 166)
3(6 91 92)
3(36 92 93)
3(5 93 91)
3(93 92 91)
3(36 93 133)
3(32 133 145)
3(5 145 93)
3(145 133 93)
3(6 92 156)
3(7 156 71)
3(36 71 92)
3(71 156 92)
3(14 141 100)
3(32 100 63)
3(33 63 141)
3(63 100 141)
3(32 63 135)
3(37 135 57)
3(33 57 63)
3(57 135 63)
3(37 58 96)
3(35 96 95)
3(34 95 58)
3(95 96 58)
3(35 95 162)
3(2 162 39)
3(34 39 95)
3(39 162 95)
3(35 67 69)
3(36 69 71)
3(7 71 67)
3(71 69 67)
3(35 69 96)
3(37 96 134)
3(36 134 69)
3(134 96 69)
3(36 133 134)
3(37 134 135)
3(32 135 133)
3(135 134 133)
3(31 53 56)
3(30 54 53)
3(37 56 54)
3(53 54 56)
3(31 56 55)
3(37 57 56)
3(33 55 57)
3(55 56 57)
3(19 47 46)
3(34 51 47)
3(29 46 51)
3(46 47 51)
3(34 47 39)
3(19 38 47)
3(2 39 38)
3(38 39 47)
3(10 42 43)
3(19 46 42)
3(29 43 46)
3(42 46 43)
3(13 45 44)
3(31 48 45)
3(24 44 48)
3(44 45 48)
3(31 55 48)
3(33 49 55)
3(24 48 49)
3(48 55 49)
3(24 49 40)
3(33 41 49)
3(4 40 41)
3(40 49 41)
3(29 52 50)
3(37 54 52)
3(30 50 54)
3(50 52 54)
3(34 58 51)
3(37 52 58)
3(29 51 52)
3(51 58 52)
)

// ************************************************************************* //