/*--------------------------------*- C++ -*----------------------------------*\
| =========                 |                                                 |
| \\      /  F ield         | OpenFOAM: The Open Source CFD Toolbox           |
|  \\    /   O peration     | Version:  xxxxxxx                               |
|   \\  /    A nd           | Revision: exported                              |
|    \\/     M anipulation  | Web:      http://www.OpenFOAM.org               |
\*---------------------------------------------------------------------------*/
FoamFile
{
    version     2.0;
    format      ascii;
    class       faceList;
    location    "constant/polyMesh";
    object      faces;
}
// * * * * * * * * * * * * * * * * * * * * * * * * * * * * * * * * * * * * * //


1196
(
3(37 38 39)
3(0 39 38)
3(0 37 39)
3(37 41 40)
3(0 40 41)
3(37 0 41)
3(38 40 42)
3(40 0 42)
3(38 42 0)
3(39 42 41)
3(41 42 0)
3(39 0 42)
3(39 41 0)
3(39 41 40)
3(39 40 37)
3(39 37 41)
3(39 42 40)
3(40 42 41)
3(39 40 38)
3(39 42 38)
3(43 44 45)
3(0 43 45)
3(0 45 44)
3(0 44 43)
3(43 47 46)
3(43 0 47)
3(43 46 0)
3(0 46 47)
3(44 46 48)
3(44 48 0)
3(44 0 46)
3(46 0 48)
3(45 48 47)
3(45 47 0)
3(45 0 48)
3(47 48 0)
3(45 47 46)
3(45 46 43)
3(45 43 47)
3(45 48 46)
3(46 48 47)
3(45 46 44)
3(43 44 46)
3(45 48 44)
3(45 47 49)
3(0 49 47)
3(45 50 43)
3(0 43 50)
3(47 43 169)
3(47 169 0)
3(43 0 169)
3(49 169 50)
3(49 0 169)
3(50 169 0)
3(49 50 43)
3(49 43 45)
3(49 169 43)
3(43 169 50)
3(49 43 47)
3(49 169 47)
3(51 168 171)
3(0 51 171)
3(0 168 51)
3(51 49 47)
3(51 0 49)
3(51 47 0)
3(168 47 169)
3(168 0 47)
3(171 169 49)
3(171 49 0)
3(171 49 47)
3(171 47 51)
3(171 51 49)
3(171 169 47)
3(171 47 168)
3(51 168 47)
3(52 53 54)
3(0 54 53)
3(52 56 55)
3(0 55 56)
3(53 55 41)
3(55 0 41)
3(53 41 0)
3(54 41 56)
3(56 41 0)
3(54 0 41)
3(54 56 55)
3(54 55 52)
3(54 41 55)
3(55 41 56)
3(54 55 53)
3(54 41 53)
3(57 58 59)
3(0 59 58)
3(0 57 59)
3(0 58 57)
3(57 61 60)
3(57 0 61)
3(57 60 0)
3(58 60 62)
3(58 62 0)
3(58 0 60)
3(59 62 61)
3(59 0 62)
3(59 61 0)
3(59 61 60)
3(59 60 57)
3(59 57 61)
3(59 62 60)
3(59 60 58)
3(57 58 60)
3(59 62 58)
3(63 64 65)
3(0 65 64)
3(0 63 65)
3(63 67 66)
3(63 0 67)
3(0 66 67)
3(64 66 68)
3(64 68 0)
3(66 0 68)
3(65 68 67)
3(65 0 68)
3(65 67 0)
3(67 68 0)
3(65 67 66)
3(65 66 63)
3(65 63 67)
3(65 68 66)
3(66 68 67)
3(65 66 64)
3(65 68 64)
3(69 70 71)
3(0 71 70)
3(0 69 71)
3(69 73 72)
3(69 0 73)
3(70 72 154)
3(70 154 0)
3(71 154 73)
3(71 0 154)
3(71 73 0)
3(71 73 72)
3(71 72 69)
3(71 69 73)
3(71 154 72)
3(71 72 70)
3(71 154 70)
3(74 75 51)
3(0 74 51)
3(0 75 74)
3(0 51 75)
3(74 77 76)
3(74 0 77)
3(0 76 77)
3(74 76 0)
3(75 76 48)
3(76 0 48)
3(75 0 76)
3(75 48 0)
3(51 48 77)
3(51 77 0)
3(77 48 0)
3(51 0 48)
3(51 77 76)
3(51 76 74)
3(51 74 77)
3(51 48 76)
3(76 48 77)
3(51 76 75)
3(74 75 76)
3(51 48 75)
3(78 79 80)
3(0 79 78)
3(0 78 80)
3(78 82 81)
3(78 81 0)
3(78 0 82)
3(0 81 82)
3(79 81 83)
3(79 0 81)
3(81 0 83)
3(80 83 82)
3(80 82 0)
3(82 83 0)
3(80 82 81)
3(80 81 78)
3(80 78 82)
3(80 83 81)
3(81 83 82)
3(80 81 79)
3(78 79 81)
3(64 84 65)
3(0 65 84)
3(64 68 85)
3(84 85 86)
3(84 86 0)
3(65 86 68)
3(65 0 86)
3(65 68 85)
3(65 85 64)
3(65 86 85)
3(65 85 84)
3(65 86 84)
3(87 88 89)
3(0 88 87)
3(0 87 89)
3(0 89 88)
3(87 67 63)
3(87 63 0)
3(87 0 67)
3(88 63 65)
3(88 0 63)
3(88 65 0)
3(89 65 67)
3(89 67 0)
3(89 0 65)
3(89 67 63)
3(89 63 87)
3(89 87 67)
3(89 65 63)
3(89 63 88)
3(87 88 63)
3(89 65 88)
3(67 90 91)
3(0 90 67)
3(0 67 91)
3(0 91 90)
3(67 45 44)
3(67 44 0)
3(67 0 45)
3(90 44 48)
3(90 0 44)
3(90 48 0)
3(91 48 45)
3(91 45 0)
3(91 0 48)
3(91 45 44)
3(91 44 67)
3(91 67 45)
3(91 48 44)
3(91 44 90)
3(67 90 44)
3(91 48 90)
3(92 93 94)
3(0 94 93)
3(0 92 94)
3(92 81 95)
3(0 95 81)
3(92 0 81)
3(93 95 96)
3(95 0 96)
3(93 96 0)
3(94 96 81)
3(81 96 0)
3(94 0 96)
3(94 81 0)
3(94 81 95)
3(94 95 92)
3(94 92 81)
3(94 96 95)
3(95 96 81)
3(94 95 93)
3(94 96 93)
3(97 98 89)
3(0 97 89)
3(0 89 98)
3(97 43 46)
3(97 0 43)
3(98 46 44)
3(98 44 0)
3(89 44 43)
3(89 43 0)
3(89 0 44)
3(89 43 46)
3(89 46 97)
3(89 97 43)
3(89 44 46)
3(89 46 98)
3(89 44 98)
3(99 100 39)
3(0 99 39)
3(0 39 100)
3(99 77 101)
3(0 101 77)
3(99 0 77)
3(100 101 54)
3(101 0 54)
3(100 54 0)
3(39 54 77)
3(77 54 0)
3(39 77 0)
3(39 0 54)
3(39 77 101)
3(39 101 99)
3(39 99 77)
3(39 54 101)
3(101 54 77)
3(39 101 100)
3(39 54 100)
3(102 63 88)
3(0 102 88)
3(102 104 103)
3(102 0 104)
3(0 103 104)
3(63 103 87)
3(103 0 87)
3(88 87 104)
3(88 104 0)
3(104 87 0)
3(88 104 103)
3(88 103 102)
3(88 102 104)
3(88 87 103)
3(103 87 104)
3(88 103 63)
3(102 105 104)
3(102 88 106)
3(0 106 88)
3(105 106 107)
3(106 0 107)
3(104 107 88)
3(88 107 0)
3(104 88 106)
3(104 106 102)
3(104 107 106)
3(106 107 88)
3(104 106 105)
3(51 108 49)
3(0 108 51)
3(51 171 170)
3(51 170 0)
3(108 170 172)
3(108 0 170)
3(49 172 171)
3(49 171 170)
3(49 170 51)
3(49 172 170)
3(49 170 108)
3(51 108 170)
3(109 110 111)
3(0 109 111)
3(0 111 110)
3(109 43 97)
3(109 0 43)
3(110 97 89)
3(110 89 0)
3(111 89 43)
3(111 43 0)
3(111 0 89)
3(111 43 97)
3(111 97 109)
3(111 109 43)
3(111 89 97)
3(111 97 110)
3(111 89 110)
3(78 112 111)
3(0 112 78)
3(0 111 112)
3(0 78 111)
3(78 114 113)
3(78 113 0)
3(78 0 114)
3(112 113 115)
3(112 0 113)
3(112 115 0)
3(111 115 114)
3(111 0 115)
3(111 114 0)
3(111 114 113)
3(111 113 78)
3(111 78 114)
3(111 115 113)
3(111 113 112)
3(78 112 113)
3(111 115 112)
3(58 89 59)
3(0 59 89)
3(0 89 58)
3(58 62 107)
3(58 107 0)
3(89 107 116)
3(89 116 0)
3(89 0 107)
3(59 116 62)
3(59 0 116)
3(59 62 107)
3(59 107 58)
3(59 116 107)
3(59 107 89)
3(58 89 107)
3(59 116 89)
3(90 98 44)
3(0 98 90)
3(90 67 87)
3(90 87 0)
3(98 87 89)
3(98 0 87)
3(44 89 67)
3(44 67 87)
3(44 87 90)
3(44 89 87)
3(44 87 98)
3(90 98 87)
3(117 118 76)
3(0 117 76)
3(0 76 118)
3(117 120 119)
3(117 0 120)
3(118 119 121)
3(118 121 0)
3(76 121 120)
3(76 120 0)
3(76 0 121)
3(76 120 119)
3(76 119 117)
3(76 117 120)
3(76 121 119)
3(76 119 118)
3(76 121 118)
3(109 165 122)
3(0 109 122)
3(0 122 165)
3(109 112 123)
3(0 123 112)
3(109 0 112)
3(165 123 166)
3(123 0 166)
3(165 166 0)
3(122 166 112)
3(112 166 0)
3(122 112 0)
3(122 0 166)
3(122 112 123)
3(122 123 109)
3(122 109 112)
3(122 166 123)
3(123 166 112)
3(122 123 165)
3(122 166 165)
3(124 55 56)
3(0 124 56)
3(124 91 125)
3(124 0 91)
3(0 125 91)
3(55 125 41)
3(125 0 41)
3(56 41 91)
3(56 91 0)
3(91 41 0)
3(56 91 125)
3(56 125 124)
3(56 124 91)
3(56 41 125)
3(125 41 91)
3(56 125 55)
3(126 170 108)
3(0 126 108)
3(0 170 126)
3(126 77 74)
3(126 0 77)
3(126 74 0)
3(170 74 51)
3(170 0 74)
3(108 51 77)
3(108 77 0)
3(108 77 74)
3(108 74 126)
3(108 126 77)
3(108 51 74)
3(108 74 170)
3(126 170 74)
3(127 128 71)
3(0 127 71)
3(0 71 128)
3(0 128 127)
3(127 162 161)
3(127 0 162)
3(127 161 0)
3(128 161 166)
3(128 166 0)
3(128 0 161)
3(71 166 162)
3(71 162 0)
3(71 0 166)
3(71 162 161)
3(71 161 127)
3(71 127 162)
3(71 166 161)
3(71 161 128)
3(127 128 161)
3(71 166 128)
3(129 81 79)
3(0 81 129)
3(0 129 79)
3(129 113 112)
3(129 112 0)
3(129 0 113)
3(81 112 78)
3(81 0 112)
3(79 78 113)
3(79 113 0)
3(79 113 112)
3(79 112 129)
3(79 129 113)
3(79 78 112)
3(79 112 81)
3(129 81 112)
3(162 154 71)
3(162 127 153)
3(154 153 70)
3(71 70 127)
3(71 127 153)
3(71 153 162)
3(71 70 153)
3(71 153 154)
3(96 95 71)
3(0 71 95)
3(0 96 71)
3(96 112 81)
3(96 0 112)
3(95 81 129)
3(95 129 0)
3(71 129 112)
3(71 0 129)
3(71 112 0)
3(71 112 81)
3(71 81 96)
3(71 96 112)
3(71 129 81)
3(71 81 95)
3(71 129 95)
3(40 130 120)
3(0 40 120)
3(40 132 131)
3(0 131 132)
3(40 0 132)
3(130 131 133)
3(131 0 133)
3(120 133 132)
3(132 133 0)
3(120 132 0)
3(120 132 131)
3(120 131 40)
3(120 40 132)
3(120 133 131)
3(131 133 132)
3(120 131 130)
3(96 134 123)
3(0 134 96)
3(0 96 123)
3(96 128 135)
3(96 135 0)
3(96 0 128)
3(0 135 128)
3(134 135 158)
3(134 0 135)
3(135 0 158)
3(123 158 128)
3(123 128 0)
3(128 158 0)
3(123 128 135)
3(123 135 96)
3(123 96 128)
3(123 158 135)
3(135 158 128)
3(123 135 134)
3(96 134 135)
3(93 136 94)
3(93 96 135)
3(136 135 134)
3(94 134 96)
3(94 96 135)
3(94 135 93)
3(94 134 135)
3(94 135 136)
3(137 138 114)
3(0 137 114)
3(137 57 139)
3(137 0 57)
3(0 139 57)
3(138 139 86)
3(139 0 86)
3(114 86 57)
3(114 57 0)
3(57 86 0)
3(114 57 139)
3(114 139 137)
3(114 137 57)
3(114 86 139)
3(139 86 57)
3(114 139 138)
3(140 95 129)
3(0 140 129)
3(140 73 69)
3(140 0 73)
3(95 69 71)
3(129 71 73)
3(129 73 0)
3(129 73 69)
3(129 69 140)
3(129 140 73)
3(129 71 69)
3(129 69 95)
3(103 141 87)
3(0 87 141)
3(103 104 142)
3(141 142 143)
3(141 143 0)
3(87 143 104)
3(87 0 143)
3(87 104 142)
3(87 142 103)
3(87 143 142)
3(87 142 141)
3(87 143 141)
3(140 144 73)
3(140 129 79)
3(144 79 113)
3(73 113 129)
3(73 129 79)
3(73 79 140)
3(73 113 79)
3(73 79 144)
3(96 123 112)
3(96 71 128)
3(123 128 166)
3(112 166 71)
3(112 71 128)
3(112 128 96)
3(112 166 128)
3(112 128 123)
3(141 125 90)
3(0 141 90)
3(0 90 125)
3(141 133 131)
3(141 0 133)
3(125 131 132)
3(125 132 0)
3(90 132 133)
3(90 133 0)
3(90 0 132)
3(90 133 131)
3(90 131 141)
3(90 141 133)
3(90 132 131)
3(90 131 125)
3(90 132 125)
3(143 87 98)
3(143 133 141)
3(87 141 90)
3(98 90 133)
3(98 133 141)
3(98 141 143)
3(98 90 141)
3(98 141 87)
3(145 126 108)
3(0 126 145)
3(145 54 101)
3(145 101 0)
3(126 101 77)
3(126 0 101)
3(108 77 54)
3(108 54 101)
3(108 101 145)
3(108 77 101)
3(108 101 126)
3(145 126 101)
3(66 146 68)
3(66 67 124)
3(0 124 67)
3(146 124 147)
3(124 0 147)
3(68 147 67)
3(67 147 0)
3(68 67 124)
3(68 124 66)
3(68 147 124)
3(124 147 67)
3(68 124 146)
3(67 147 45)
3(67 91 124)
3(147 124 56)
3(45 56 91)
3(45 91 124)
3(45 124 67)
3(45 56 124)
3(45 124 147)
3(112 109 111)
3(112 115 122)
3(0 122 115)
3(109 122 43)
3(122 0 43)
3(111 43 115)
3(115 43 0)
3(111 115 122)
3(111 122 112)
3(111 43 122)
3(122 43 115)
3(111 122 109)
3(42 77 48)
3(0 42 48)
3(0 77 42)
3(42 120 117)
3(42 0 120)
3(42 117 0)
3(77 117 76)
3(77 0 117)
3(48 76 120)
3(48 120 0)
3(48 120 117)
3(48 117 42)
3(48 42 120)
3(48 76 117)
3(48 117 77)
3(42 77 117)
3(111 114 59)
3(0 111 59)
3(0 59 114)
3(111 82 78)
3(111 0 82)
3(114 78 80)
3(114 80 0)
3(59 80 82)
3(59 82 0)
3(59 0 80)
3(59 82 78)
3(59 78 111)
3(59 111 82)
3(59 80 78)
3(59 78 114)
3(59 80 114)
3(89 111 59)
3(89 116 110)
3(111 110 82)
3(59 82 116)
3(59 116 110)
3(59 110 89)
3(59 82 110)
3(59 110 111)
3(135 157 158)
3(135 128 127)
3(157 127 161)
3(158 161 128)
3(158 128 127)
3(158 127 135)
3(158 161 127)
3(158 127 157)
3(148 149 164)
3(0 164 149)
3(0 148 164)
3(148 145 101)
3(148 0 145)
3(149 101 126)
3(149 126 0)
3(164 126 145)
3(164 0 126)
3(164 145 0)
3(164 145 101)
3(164 101 148)
3(164 148 145)
3(164 126 101)
3(164 101 149)
3(164 126 149)
3(83 150 82)
3(83 81 92)
3(150 92 94)
3(82 94 81)
3(82 81 92)
3(82 92 83)
3(82 94 92)
3(82 92 150)
3(120 132 48)
3(0 48 132)
3(120 42 40)
3(132 40 41)
3(132 41 0)
3(48 41 42)
3(48 0 41)
3(48 42 40)
3(48 40 120)
3(48 41 40)
3(48 40 132)
3(48 41 132)
3(159 118 160)
3(0 160 118)
3(159 163 149)
3(0 149 163)
3(118 149 74)
3(149 0 74)
3(118 74 0)
3(160 74 163)
3(163 74 0)
3(160 0 74)
3(160 163 149)
3(160 149 159)
3(160 74 149)
3(149 74 163)
3(160 149 118)
3(160 74 118)
3(42 39 77)
3(42 117 38)
3(39 38 99)
3(77 99 117)
3(77 117 38)
3(77 38 42)
3(77 99 38)
3(77 38 39)
3(74 149 126)
3(74 170 163)
3(149 163 164)
3(126 164 170)
3(126 170 163)
3(126 163 74)
3(126 164 163)
3(126 163 149)
3(114 57 59)
3(114 80 137)
3(57 137 61)
3(59 61 80)
3(59 80 137)
3(59 137 114)
3(59 61 137)
3(59 137 57)
3(148 151 145)
3(148 164 155)
3(151 155 156)
3(145 156 164)
3(145 164 155)
3(145 155 148)
3(145 156 155)
3(145 155 151)
3(166 122 173)
3(0 173 122)
3(166 167 165)
3(122 165 169)
3(122 169 0)
3(173 169 167)
3(173 0 169)
3(173 167 165)
3(173 165 166)
3(173 169 165)
3(173 165 122)
3(173 169 122)
3(53 100 54)
3(53 41 37)
3(100 37 39)
3(54 39 41)
3(54 41 37)
3(54 37 53)
3(54 39 37)
3(54 37 100)
3(76 118 74)
3(76 75 121)
3(118 121 160)
3(74 160 75)
3(74 75 121)
3(74 121 76)
3(74 160 121)
3(74 121 118)
3(75 168 51)
3(75 48 46)
3(168 46 47)
3(51 47 48)
3(51 48 46)
3(51 46 75)
3(51 47 46)
3(51 46 168)
3(122 115 173)
3(122 169 43)
3(115 43 50)
3(173 50 169)
3(173 169 43)
3(173 43 122)
3(173 50 43)
3(173 43 115)
3(132 90 48)
3(132 41 125)
3(90 125 91)
3(48 91 41)
3(48 41 125)
3(48 125 132)
3(48 91 125)
3(48 125 90)
3(58 106 152)
3(0 58 152)
3(0 106 58)
3(58 86 65)
3(58 0 86)
3(58 65 0)
3(106 65 84)
3(106 0 65)
3(152 84 86)
3(152 86 0)
3(152 86 65)
3(152 65 58)
3(152 58 86)
3(152 84 65)
3(152 65 106)
3(58 106 65)
3(58 152 60)
3(58 57 86)
3(152 86 139)
3(60 139 57)
3(60 57 86)
3(60 86 58)
3(60 139 86)
3(60 86 152)
3(88 65 106)
3(88 107 89)
3(65 89 58)
3(106 58 107)
3(106 107 89)
3(106 89 88)
3(106 58 89)
3(106 89 65)
3(0 72 70)
3(0 70 69)
3(0 69 72)
3(69 70 72)
3(0 138 137)
3(0 137 139)
3(0 139 138)
3(139 137 138)
3(0 144 140)
3(0 140 79)
3(0 79 144)
3(79 140 144)
3(0 62 60)
3(0 60 61)
3(0 61 62)
3(61 60 62)
3(0 150 83)
3(0 83 92)
3(0 92 150)
3(92 83 150)
3(0 136 93)
3(0 93 135)
3(0 135 136)
3(135 93 136)
3(0 140 69)
3(0 69 95)
3(0 95 140)
3(95 69 140)
3(0 152 139)
3(0 139 60)
3(0 60 152)
3(60 139 152)
3(0 80 79)
3(0 79 83)
3(0 83 80)
3(83 79 80)
3(0 70 153)
3(0 153 127)
3(0 127 70)
3(127 153 70)
3(0 80 61)
3(0 61 137)
3(0 137 80)
3(137 61 80)
3(0 95 93)
3(0 93 92)
3(0 92 95)
3(92 93 95)
3(0 127 157)
3(0 157 135)
3(0 135 127)
3(135 157 127)
3(0 105 102)
3(0 102 106)
3(0 106 105)
3(106 102 105)
3(0 142 141)
3(0 141 103)
3(0 103 142)
3(103 141 142)
3(0 85 84)
3(0 84 64)
3(0 64 85)
3(64 84 85)
3(0 146 66)
3(0 66 124)
3(0 124 146)
3(124 66 146)
3(0 130 40)
3(0 40 131)
3(0 131 130)
3(131 40 130)
3(0 117 99)
3(0 99 38)
3(0 38 117)
3(38 99 117)
3(0 151 148)
3(0 148 155)
3(0 155 151)
3(155 148 151)
3(0 53 37)
3(0 37 100)
3(0 100 53)
3(100 37 53)
3(0 152 106)
3(0 106 84)
3(0 84 152)
3(84 106 152)
3(0 102 103)
3(0 103 63)
3(0 63 102)
3(63 103 102)
3(0 63 66)
3(0 66 64)
3(0 64 63)
3(64 66 63)
3(0 125 55)
3(0 55 124)
3(0 124 125)
3(124 55 125)
3(0 141 131)
3(0 131 125)
3(0 125 141)
3(125 131 141)
3(0 119 118)
3(0 118 117)
3(0 117 119)
3(117 118 119)
3(0 100 99)
3(0 99 101)
3(0 101 100)
3(101 99 100)
3(0 148 101)
3(0 101 149)
3(0 149 148)
3(149 101 148)
3(0 159 149)
3(0 149 118)
3(0 118 159)
3(118 149 159)
3(0 52 55)
3(0 55 53)
3(0 53 52)
3(53 55 52)
3(0 38 37)
3(0 37 40)
3(0 40 38)
3(40 37 38)
3(0 104 105)
3(0 105 107)
3(0 107 104)
3(107 105 104)
3(0 142 104)
3(0 104 143)
3(0 143 142)
3(143 104 142)
3(0 116 107)
3(0 107 62)
3(0 62 116)
3(62 107 116)
3(0 82 150)
3(0 150 94)
3(0 94 82)
3(94 150 82)
3(0 120 130)
3(0 130 133)
3(0 133 120)
3(133 130 120)
3(0 98 133)
3(0 133 143)
3(0 143 98)
3(143 133 98)
3(0 119 120)
3(0 120 121)
3(0 121 119)
3(121 120 119)
3(0 116 82)
3(0 82 110)
3(0 110 116)
3(110 82 116)
3(0 134 94)
3(0 94 136)
3(0 136 134)
3(136 94 134)
3(0 123 165)
3(0 165 109)
3(0 109 123)
3(109 165 123)
3(0 158 123)
3(0 123 134)
3(0 134 158)
3(134 123 158)
3(0 46 98)
3(0 98 97)
3(0 97 46)
3(97 98 46)
3(0 75 46)
3(0 46 168)
3(0 168 75)
3(168 46 75)
3(0 121 75)
3(0 75 160)
3(0 160 121)
3(160 75 121)
3(0 97 110)
3(0 110 109)
3(0 109 97)
3(109 110 97)
3(0 85 68)
3(0 68 86)
3(0 86 85)
3(86 68 85)
3(0 138 86)
3(0 86 114)
3(0 114 138)
3(114 86 138)
3(0 68 146)
3(0 146 147)
3(0 147 68)
3(147 146 68)
3(0 144 113)
3(0 113 73)
3(0 73 144)
3(73 113 144)
3(0 72 73)
3(0 73 154)
3(0 154 72)
3(154 73 72)
3(0 113 114)
3(0 114 115)
3(0 115 113)
3(115 114 113)
3(0 52 54)
3(0 54 56)
3(0 56 52)
3(56 54 52)
3(0 156 145)
3(0 145 151)
3(0 151 156)
3(151 145 156)
3(0 54 145)
3(0 145 108)
3(0 108 54)
3(108 145 54)
3(0 115 50)
3(0 50 173)
3(0 173 115)
3(173 50 115)
3(0 108 172)
3(0 172 49)
3(0 49 108)
3(49 172 108)
3(0 49 50)
3(0 50 45)
3(0 45 49)
3(45 50 49)
3(0 56 45)
3(0 45 147)
3(0 147 56)
3(147 45 56)
3(0 171 168)
3(0 168 169)
3(0 169 171)
3(168 171 169)
3(0 170 171)
3(0 171 172)
3(0 172 170)
3(170 172 171)
3(0 161 162)
3(0 162 166)
3(0 166 161)
3(161 166 162)
3(0 154 162)
3(0 162 153)
3(0 153 154)
3(153 162 154)
3(0 158 157)
3(0 157 161)
3(0 161 158)
3(157 158 161)
3(0 159 160)
3(0 160 163)
3(0 163 159)
3(159 163 160)
3(0 163 170)
3(0 170 164)
3(0 164 163)
3(163 164 170)
3(0 155 164)
3(0 164 156)
3(0 156 155)
3(155 156 164)
3(0 165 167)
3(0 167 169)
3(0 169 165)
3(165 169 167)
3(0 166 173)
3(0 173 167)
3(0 167 166)
3(166 167 173)
)

// ************************************************************************* //